0.647333 0.659833 6.7368
0.647333 0.659833 6.7368
0.647333 0.659833 6.7368
0.647333 0.659833 6.7368
0.647333 0.659833 6.7368
0.647333 0.659833 6.7368
0.647333 0.659833 6.7368
0.647333 0.659833 6.7368
0.647333 0.659833 6.7368
0.647333 0.659833 6.7368
0.647333 0.659833 6.7368
0.647333 0.659833 6.7368
0.647333 0.659833 6.7368
0.647333 0.659833 6.7368
0.647333 0.659833 6.7368
0.647333 0.659833 6.7368
0.647333 0.659833 6.7368
0.647333 0.659833 6.7368
0.647333 0.659833 6.7368
0.647333 0.659833 6.7368
0.647333 0.659833 6.7368
0.647333 0.659833 6.7368
0.647333 0.659833 6.7368
0.647333 0.659833 6.7368
0.647333 0.659833 6.7368
0.647333 0.659833 6.7368
0.647333 0.659833 6.7368
0.647333 0.659833 6.7368
0.647333 0.659833 6.7368
0.647333 0.659833 6.7368
