0.661667 0.658 11.2944
0.661667 0.658 11.2944
0.661667 0.658 11.2944
0.661667 0.658 11.2944
0.661667 0.658 11.2944
0.661667 0.658 11.2944
0.661667 0.658 11.2944
0.661667 0.658 11.2944
0.661667 0.658 11.2944
0.661667 0.658 11.2944
0.661667 0.658 11.2944
0.661667 0.658 11.2944
0.661667 0.658 11.2944
0.661667 0.658 11.2944
0.661667 0.658 11.2944
0.661667 0.658 11.2944
0.661667 0.658 11.2944
0.661667 0.658 11.2944
0.661667 0.658 11.2944
0.661667 0.658 11.2944
0.661667 0.658 11.2944
0.661667 0.658 11.2944
0.661667 0.658 11.2944
0.661667 0.658 11.2944
0.661667 0.658 11.2944
0.661667 0.658 11.2944
0.661667 0.658 11.2944
0.661667 0.658 11.2944
0.661667 0.658 11.2944
0.661667 0.658 11.2944
