0.646667 0.662 8.1128
0.646667 0.662 8.1128
0.646667 0.662 8.1128
0.646667 0.662 8.1128
0.646667 0.662 8.1128
0.646667 0.662 8.1128
0.646667 0.662 8.1128
0.646667 0.662 8.1128
0.646667 0.662 8.1128
0.646667 0.662 8.1128
0.646667 0.662 8.1128
0.646667 0.662 8.1128
0.646667 0.662 8.1128
0.646667 0.662 8.1128
0.646667 0.662 8.1128
0.646667 0.662 8.1128
0.646667 0.662 8.1128
0.646667 0.662 8.1128
0.646667 0.662 8.1128
0.646667 0.662 8.1128
0.646667 0.662 8.1128
0.646667 0.662 8.1128
0.646667 0.662 8.1128
0.646667 0.662 8.1128
0.646667 0.662 8.1128
0.646667 0.662 8.1128
0.646667 0.662 8.1128
0.646667 0.662 8.1128
0.646667 0.662 8.1128
0.646667 0.662 8.1128
