0.650667 0.6615 8.319
0.650667 0.6615 8.319
0.650667 0.6615 8.319
0.650667 0.6615 8.319
0.650667 0.6615 8.319
0.650667 0.6615 8.319
0.650667 0.6615 8.319
0.650667 0.6615 8.319
0.650667 0.6615 8.319
0.650667 0.6615 8.319
0.650667 0.6615 8.319
0.650667 0.6615 8.319
0.650667 0.6615 8.319
0.650667 0.6615 8.319
0.650667 0.6615 8.319
0.650667 0.6615 8.319
0.650667 0.6615 8.319
0.650667 0.6615 8.319
0.650667 0.6615 8.319
0.650667 0.6615 8.319
0.650667 0.6615 8.319
0.650667 0.6615 8.319
0.650667 0.6615 8.319
0.650667 0.6615 8.319
0.650667 0.6615 8.319
0.650667 0.6615 8.319
0.650667 0.6615 8.319
0.650667 0.6615 8.319
0.650667 0.6615 8.319
0.650667 0.6615 8.319
