0.640667 0.65 7.1672
0.640667 0.65 7.1672
0.640667 0.65 7.1672
0.640667 0.65 7.1672
0.640667 0.65 7.1672
0.640667 0.65 7.1672
0.640667 0.65 7.1672
0.640667 0.65 7.1672
0.640667 0.65 7.1672
0.640667 0.65 7.1672
0.640667 0.65 7.1672
0.640667 0.65 7.1672
0.640667 0.65 7.1672
0.640667 0.65 7.1672
0.640667 0.65 7.1672
0.640667 0.65 7.1672
0.640667 0.65 7.1672
0.640667 0.65 7.1672
0.640667 0.65 7.1672
0.640667 0.65 7.1672
0.640667 0.65 7.1672
0.640667 0.65 7.1672
0.640667 0.65 7.1672
0.640667 0.65 7.1672
0.640667 0.65 7.1672
0.640667 0.65 7.1672
0.640667 0.65 7.1672
0.640667 0.65 7.1672
0.640667 0.65 7.1672
0.640667 0.65 7.1672
