0.6475 0.652167 7.3556
0.6475 0.652167 7.3556
0.6475 0.652167 7.3556
0.6475 0.652167 7.3556
0.6475 0.652167 7.3556
0.6475 0.652167 7.3556
0.6475 0.652167 7.3556
0.6475 0.652167 7.3556
0.6475 0.652167 7.3556
0.6475 0.652167 7.3556
0.6475 0.652167 7.3556
0.6475 0.652167 7.3556
0.6475 0.652167 7.3556
0.6475 0.652167 7.3556
0.6475 0.652167 7.3556
0.6475 0.652167 7.3556
0.6475 0.652167 7.3556
0.6475 0.652167 7.3556
0.6475 0.652167 7.3556
0.6475 0.652167 7.3556
0.6475 0.652167 7.3556
0.6475 0.652167 7.3556
0.6475 0.652167 7.3556
0.6475 0.652167 7.3556
0.6475 0.652167 7.3556
0.6475 0.652167 7.3556
0.6475 0.652167 7.3556
0.6475 0.652167 7.3556
0.6475 0.652167 7.3556
0.6475 0.652167 7.3556
