0.647667 0.660167 6.8844
0.647667 0.660167 6.8844
0.647667 0.660167 6.8844
0.647667 0.660167 6.8844
0.647667 0.660167 6.8844
0.647667 0.660167 6.8844
0.647667 0.660167 6.8844
0.647667 0.660167 6.8844
0.647667 0.660167 6.8844
0.647667 0.660167 6.8844
0.647667 0.660167 6.8844
0.647667 0.660167 6.8844
0.647667 0.660167 6.8844
0.647667 0.660167 6.8844
0.647667 0.660167 6.8844
0.647667 0.660167 6.8844
0.647667 0.660167 6.8844
0.647667 0.660167 6.8844
0.647667 0.660167 6.8844
0.647667 0.660167 6.8844
0.647667 0.660167 6.8844
0.647667 0.660167 6.8844
0.647667 0.660167 6.8844
0.647667 0.660167 6.8844
0.647667 0.660167 6.8844
0.647667 0.660167 6.8844
0.647667 0.660167 6.8844
0.647667 0.660167 6.8844
0.647667 0.660167 6.8844
0.647667 0.660167 6.8844
