0.636833 0.6455 8.2177
0.636833 0.6455 8.2177
0.636833 0.6455 8.2177
0.636833 0.6455 8.2177
0.636833 0.6455 8.2177
0.636833 0.6455 8.2177
0.636833 0.6455 8.2177
0.636833 0.6455 8.2177
0.636833 0.6455 8.2177
0.636833 0.6455 8.2177
0.636833 0.6455 8.2177
0.636833 0.6455 8.2177
0.636833 0.6455 8.2177
0.636833 0.6455 8.2177
0.636833 0.6455 8.2177
0.636833 0.6455 8.2177
0.636833 0.6455 8.2177
0.636833 0.6455 8.2177
0.636833 0.6455 8.2177
0.636833 0.6455 8.2177
0.636833 0.6455 8.2177
0.636833 0.6455 8.2177
0.636833 0.6455 8.2177
0.636833 0.6455 8.2177
0.636833 0.6455 8.2177
0.636833 0.6455 8.2177
0.636833 0.6455 8.2177
0.636833 0.6455 8.2177
0.636833 0.6455 8.2177
0.636833 0.6455 8.2177
