0.650667 0.661333 7.7423
0.650667 0.661333 7.7423
0.650667 0.661333 7.7423
0.650667 0.661333 7.7423
0.650667 0.661333 7.7423
0.650667 0.661333 7.7423
0.650667 0.661333 7.7423
0.650667 0.661333 7.7423
0.650667 0.661333 7.7423
0.650667 0.661333 7.7423
0.650667 0.661333 7.7423
0.650667 0.661333 7.7423
0.650667 0.661333 7.7423
0.650667 0.661333 7.7423
0.650667 0.661333 7.7423
0.650667 0.661333 7.7423
0.650667 0.661333 7.7423
0.650667 0.661333 7.7423
0.650667 0.661333 7.7423
0.650667 0.661333 7.7423
0.650667 0.661333 7.7423
0.650667 0.661333 7.7423
0.650667 0.661333 7.7423
0.650667 0.661333 7.7423
0.650667 0.661333 7.7423
0.650667 0.661333 7.7423
0.650667 0.661333 7.7423
0.650667 0.661333 7.7423
0.650667 0.661333 7.7423
0.650667 0.661333 7.7423
