0.731 0.73875 7.6242
0.731 0.73875 7.6242
0.731 0.73875 7.6242
0.731 0.73875 7.6242
0.731 0.73875 7.6242
0.731 0.73875 7.6242
0.731 0.73875 7.6242
0.731 0.73875 7.6242
0.731 0.73875 7.6242
0.731 0.73875 7.6242
0.731 0.73875 7.6242
0.731 0.73875 7.6242
0.731 0.73875 7.6242
0.731 0.73875 7.6242
0.731 0.73875 7.6242
0.731 0.73875 7.6242
0.731 0.73875 7.6242
0.731 0.73875 7.6242
0.731 0.73875 7.6242
0.731 0.73875 7.6242
0.731 0.73875 7.6242
0.731 0.73875 7.6242
0.731 0.73875 7.6242
0.731 0.73875 7.6242
0.731 0.73875 7.6242
0.731 0.73875 7.6242
0.731 0.73875 7.6242
0.731 0.73875 7.6242
0.731 0.73875 7.6242
0.731 0.73875 7.6242
