0.6395 0.649333 7.4597
0.6395 0.649333 7.4597
0.6395 0.649333 7.4597
0.6395 0.649333 7.4597
0.6395 0.649333 7.4597
0.6395 0.649333 7.4597
0.6395 0.649333 7.4597
0.6395 0.649333 7.4597
0.6395 0.649333 7.4597
0.6395 0.649333 7.4597
0.6395 0.649333 7.4597
0.6395 0.649333 7.4597
0.6395 0.649333 7.4597
0.6395 0.649333 7.4597
0.6395 0.649333 7.4597
0.6395 0.649333 7.4597
0.6395 0.649333 7.4597
0.6395 0.649333 7.4597
0.6395 0.649333 7.4597
0.6395 0.649333 7.4597
0.6395 0.649333 7.4597
0.6395 0.649333 7.4597
0.6395 0.649333 7.4597
0.6395 0.649333 7.4597
0.6395 0.649333 7.4597
0.6395 0.649333 7.4597
0.6395 0.649333 7.4597
0.6395 0.649333 7.4597
0.6395 0.649333 7.4597
0.6395 0.649333 7.4597
