0.647167 0.657 7.0359
0.647167 0.657 7.0359
0.647167 0.657 7.0359
0.647167 0.657 7.0359
0.647167 0.657 7.0359
0.647167 0.657 7.0359
0.647167 0.657 7.0359
0.647167 0.657 7.0359
0.647167 0.657 7.0359
0.647167 0.657 7.0359
0.647167 0.657 7.0359
0.647167 0.657 7.0359
0.647167 0.657 7.0359
0.647167 0.657 7.0359
0.647167 0.657 7.0359
0.647167 0.657 7.0359
0.647167 0.657 7.0359
0.647167 0.657 7.0359
0.647167 0.657 7.0359
0.647167 0.657 7.0359
0.647167 0.657 7.0359
0.647167 0.657 7.0359
0.647167 0.657 7.0359
0.647167 0.657 7.0359
0.647167 0.657 7.0359
0.647167 0.657 7.0359
0.647167 0.657 7.0359
0.647167 0.657 7.0359
0.647167 0.657 7.0359
0.647167 0.657 7.0359
